2000 01 05 00 01 02 03 04 00
2000 01 12 01 02 03 04 00 01
2000 01 19 02 03 04 00 01 02
2000 01 26 03 04 00 01 02 03
2000 02 02 04 00 01 02 03 04
2000 02 09 00 01 02 03 04 00
2000 02 16 01 02 03 04 00 01
2000 02 23 02 03 04 00 01 02
2000 03 01 03 04 00 01 02 03
2000 03 08 04 00 01 02 03 04
2000 03 15 00 01 02 03 04 00
2000 03 22 01 02 03 04 00 01
2000 03 29 02 03 04 00 01 02
2000 04 05 03 04 00 01 02 03
2000 04 12 04 00 01 02 03 04
2000 04 19 00 01 02 03 04 00
2000 04 26 01 02 03 04 00 01
2000 05 03 02 03 04 00 01 02
2000 05 10 03 04 00 01 02 03
2000 05 17 04 00 01 02 03 04
2000 05 24 00 01 02 03 04 00
2000 05 31 01 02 03 04 00 01
2000 06 07 02 03 04 00 01 02
2000 06 14 03 04 00 01 02 03
2000 06 21 04 00 01 02 03 04
2000 06 28 00 01 02 03 04 00
2000 07 05 01 02 03 04 00 01
2000 07 12 02 03 04 00 01 02
2000 07 19 03 04 00 01 02 03
2000 07 26 04 00 01 02 03 04
2000 08 02 00 01 02 03 04 00
2000 08 09 01 02 03 04 00 01
2000 08 16 02 03 04 00 01 02
2000 08 23 03 04 00 01 02 03
2000 08 30 04 00 01 02 03 04
2000 09 06 00 01 02 03 04 00
2000 09 13 01 02 03 04 00 01
2000 09 20 02 03 04 00 01 02
2000 09 27 03 04 00 01 02 03
2000 10 04 04 00 01 02 03 04
2000 10 11 00 01 02 03 04 00
2000 10 18 01 02 03 04 00 01
2000 10 25 02 03 04 00 01 02
2000 11 01 03 04 00 01 02 03
2000 11 08 04 00 01 02 03 04
2000 11 15 00 01 02 03 04 00
2000 11 22 01 02 03 04 00 01
2000 11 29 02 03 04 00 01 02
2000 12 06 03 04 00 01 02 03
2000 12 13 04 00 01 02 03 04
2000 12 20 00 01 02 03 04 00
2000 12 27 01 02 03 04 00 01
2001 01 03 02 03 04 00 01 02
2001 01 10 03 04 00 01 02 03
2001 01 17 04 00 01 02 03 04
2001 01 24 00 01 02 03 04 00
2001 01 31 01 02 03 04 00 01
2001 02 07 02 03 04 00 01 02
2001 02 14 03 04 00 01 02 03
2001 02 21 04 00 01 02 03 04
2001 02 28 00 01 02 03 04 00
2001 03 07 01 02 03 04 00 01
2001 03 14 02 03 04 00 01 02
2001 03 21 03 04 00 01 02 03
2001 03 28 04 00 01 02 03 04
2001 04 04 00 01 02 03 04 00
2001 04 11 01 02 03 04 00 01
2001 04 18 02 03 04 00 01 02
2001 04 25 03 04 00 01 02 03
2001 05 02 04 00 01 02 03 04
2001 05 09 00 01 02 03 04 00
2001 05 16 01 02 03 04 00 01
2001 05 23 02 03 04 00 01 02
2001 05 30 03 04 00 01 02 03
2001 06 06 04 00 01 02 03 04
2001 06 13 00 01 02 03 04 00
2001 06 20 01 02 03 04 00 01
2001 06 27 02 03 04 00 01 02
2001 07 04 03 04 00 01 02 03
2001 07 11 04 00 01 02 03 04
2001 07 18 00 01 02 03 04 00
2001 07 25 01 02 03 04 00 01
2001 08 01 02 03 04 00 01 02
2001 08 08 03 04 00 01 02 03
2001 08 15 04 00 01 02 03 04
2001 08 22 00 01 02 03 04 00
2001 08 29 01 02 03 04 00 01
2001 09 05 02 03 04 00 01 02
2001 09 12 03 04 00 01 02 03
2001 09 19 04 00 01 02 03 04
2001 09 26 00 01 02 03 04 00
2001 10 03 01 02 03 04 00 01
2001 10 10 02 03 04 00 01 02
2001 10 17 03 04 00 01 02 03
2001 10 24 04 00 01 02 03 04
2001 10 31 00 01 02 03 04 00
2001 11 07 01 02 03 04 00 01
2001 11 14 02 03 04 00 01 02
2001 11 21 03 04 00 01 02 03
2001 11 28 04 00 01 02 03 04
2001 12 05 00 01 02 03 04 00
2001 12 12 01 02 03 04 00 01
2001 12 19 02 03 04 00 01 02
2001 12 26 03 04 00 01 02 03
2002 01 02 04 00 01 02 03 04
2002 01 09 00 01 02 03 04 00
2002 01 16 01 02 03 04 00 01
2002 01 23 02 03 04 00 01 02
2002 01 30 03 04 00 01 02 03
2002 02 06 04 00 01 02 03 04
2002 02 13 00 01 02 03 04 00
2002 02 20 01 02 03 04 00 01
2002 02 27 02 03 04 00 01 02
2002 03 06 03 04 00 01 02 03
2002 03 13 04 00 01 02 03 04
2002 03 20 00 01 02 03 04 00
2002 03 27 01 02 03 04 00 01
2002 04 03 02 03 04 00 01 02
2002 04 10 03 04 00 01 02 03
2002 04 17 04 00 01 02 03 04
2002 04 24 00 01 02 03 04 00
2002 05 01 01 02 03 04 00 01
2002 05 08 02 03 04 00 01 02
2002 05 15 03 04 00 01 02 03
2002 05 22 04 00 01 02 03 04
2002 05 29 00 01 02 03 04 00
2002 06 05 01 02 03 04 00 01
2002 06 12 02 03 04 00 01 02
2002 06 19 03 04 00 01 02 03
2002 06 26 04 00 01 02 03 04
2002 07 03 00 01 02 03 04 00
2002 07 10 01 02 03 04 00 01
2002 07 17 02 03 04 00 01 02
2002 07 24 03 04 00 01 02 03
2002 07 31 04 00 01 02 03 04
2002 08 07 00 01 02 03 04 00
2002 08 14 01 02 03 04 00 01
2002 08 21 02 03 04 00 01 02
2002 08 28 03 04 00 01 02 03
2002 09 04 04 00 01 02 03 04
2002 09 11 00 01 02 03 04 00
2002 09 18 01 02 03 04 00 01
2002 09 25 02 03 04 00 01 02
2002 10 02 03 04 00 01 02 03
2002 10 09 04 00 01 02 03 04
2002 10 16 00 01 02 03 04 00
2002 10 23 01 02 03 04 00 01
2002 10 30 02 03 04 00 01 02
2002 11 06 03 04 00 01 02 03
2002 11 13 04 00 01 02 03 04
2002 11 20 00 01 02 03 04 00
2002 11 27 01 02 03 04 00 01
2002 12 04 02 03 04 00 01 02
2002 12 11 03 04 00 01 02 03
2002 12 18 04 00 01 02 03 04
2002 12 25 00 01 02 03 04 00
2003 01 01 01 02 03 04 00 01
2003 01 08 02 03 04 00 01 02
2003 01 15 03 04 00 01 02 03
2003 01 22 04 00 01 02 03 04
2003 01 29 00 01 02 03 04 00
2003 02 05 01 02 03 04 00 01
2003 02 12 02 03 04 00 01 02
2003 02 19 03 04 00 01 02 03
2003 02 26 04 00 01 02 03 04
2003 03 05 00 01 02 03 04 00
2003 03 12 01 02 03 04 00 01
2003 03 19 02 03 04 00 01 02
2003 03 26 03 04 00 01 02 03
2003 04 02 04 00 01 02 03 04
2003 04 09 00 01 02 03 04 00
2003 04 16 01 02 03 04 00 01
2003 04 23 02 03 04 00 01 02
2003 04 30 03 04 00 01 02 03
2003 05 07 04 00 01 02 03 04
2003 05 14 00 01 02 03 04 00
2003 05 21 01 02 03 04 00 01
2003 05 28 02 03 04 00 01 02
2003 06 04 03 04 00 01 02 03
2003 06 11 04 00 01 02 03 04
2003 06 18 00 01 02 03 04 00
2003 06 25 01 02 03 04 00 01
2003 07 02 02 03 04 00 01 02
2003 07 09 03 04 00 01 02 03
2003 07 16 04 00 01 02 03 04
2003 07 23 00 01 02 03 04 00
2003 07 30 01 02 03 04 00 01
2003 08 06 02 03 04 00 01 02
2003 08 13 03 04 00 01 02 03
2003 08 20 04 00 01 02 03 04
2003 08 27 00 01 02 03 04 00
2003 09 03 01 02 03 04 00 01
2003 09 10 02 03 04 00 01 02
2003 09 17 03 04 00 01 02 03
2003 09 24 04 00 01 02 03 04
2003 10 01 00 01 02 03 04 00
2003 10 08 01 02 03 04 00 01
2003 10 15 02 03 04 00 01 02
2003 10 22 03 04 00 01 02 03
2003 10 29 04 00 01 02 03 04
2003 11 05 00 01 02 03 04 00
2003 11 12 01 02 03 04 00 01
2003 11 19 02 03 04 00 01 02
2003 11 26 03 04 00 01 02 03
2003 12 03 04 00 01 02 03 04
2003 12 10 00 01 02 03 04 00
2003 12 17 01 02 03 04 00 01
2003 12 24 02 03 04 00 01 02
2003 12 31 03 04 00 01 02 03
2004 01 07 04 00 01 02 03 04
2004 01 14 00 01 02 03 04 00
2004 01 21 01 02 03 04 00 01
2004 01 28 02 03 04 00 01 02
2004 02 04 03 04 00 01 02 03
2004 02 11 04 00 01 02 03 04
2004 02 18 00 01 02 03 04 00
2004 02 25 01 02 03 04 00 01
2004 03 03 02 03 04 00 01 02
2004 03 10 03 04 00 01 02 03
2004 03 17 04 00 01 02 03 04
2004 03 24 00 01 02 03 04 00
2004 03 31 01 02 03 04 00 01
2004 04 07 02 03 04 00 01 02
2004 04 14 03 04 00 01 02 03
2004 04 21 04 00 01 02 03 04
2004 04 28 00 01 02 03 04 00
2004 05 05 01 02 03 04 00 01
2004 05 12 02 03 04 00 01 02
2004 05 19 03 04 00 01 02 03
2004 05 26 04 00 01 02 03 04
2004 06 02 00 01 02 03 04 00
2004 06 09 01 02 03 04 00 01
2004 06 16 02 03 04 00 01 02
2004 06 23 03 04 00 01 02 03
2004 06 30 04 00 01 02 03 04
2004 07 07 00 01 02 03 04 00
2004 07 14 01 02 03 04 00 01
2004 07 21 02 03 04 00 01 02
2004 07 28 03 04 00 01 02 03
2004 08 04 04 00 01 02 03 04
2004 08 11 00 01 02 03 04 00
2004 08 18 01 02 03 04 00 01
2004 08 25 02 03 04 00 01 02
2004 09 01 03 04 00 01 02 03
2004 09 08 04 00 01 02 03 04
2004 09 15 00 01 02 03 04 00
2004 09 22 01 02 03 04 00 01
2004 09 29 02 03 04 00 01 02
2004 10 06 03 04 00 01 02 03
2004 10 13 04 00 01 02 03 04
2004 10 20 00 01 02 03 04 00
2004 10 27 01 02 03 04 00 01
2004 11 03 02 03 04 00 01 02
2004 11 10 03 04 00 01 02 03
2004 11 17 04 00 01 02 03 04
2004 11 24 00 01 02 03 04 00
2004 12 01 01 02 03 04 00 01
2004 12 08 02 03 04 00 01 02
2004 12 15 03 04 00 01 02 03
2004 12 22 04 00 01 02 03 04
2004 12 29 00 01 02 03 04 00
2005 01 05 01 02 03 04 00 01
2005 01 12 02 03 04 00 01 02
2005 01 19 03 04 00 01 02 03
2005 01 26 04 00 01 02 03 04
2005 02 02 00 01 02 03 04 00
2005 02 09 01 02 03 04 00 01
2005 02 16 02 03 04 00 01 02
2005 02 23 03 04 00 01 02 03
2005 03 02 04 00 01 02 03 04
2005 03 09 00 01 02 03 04 00
2005 03 16 01 02 03 04 00 01
2005 03 23 02 03 04 00 01 02
2005 03 30 03 04 00 01 02 03
2005 04 06 04 00 01 02 03 04
2005 04 13 00 01 02 03 04 00
2005 04 20 01 02 03 04 00 01
2005 04 27 02 03 04 00 01 02
2005 05 04 03 04 00 01 02 03
2005 05 11 04 00 01 02 03 04
2005 05 18 00 01 02 03 04 00
2005 05 25 01 02 03 04 00 01
2005 06 01 02 03 04 00 01 02
2005 06 08 03 04 00 01 02 03
2005 06 15 04 00 01 02 03 04
2005 06 22 00 01 02 03 04 00
2005 06 29 01 02 03 04 00 01
2005 07 06 02 03 04 00 01 02
2005 07 13 03 04 00 01 02 03
2005 07 20 04 00 01 02 03 04
2005 07 27 00 01 02 03 04 00
2005 08 03 01 02 03 04 00 01
2005 08 10 02 03 04 00 01 02
2005 08 17 03 04 00 01 02 03
2005 08 24 04 00 01 02 03 04
2005 08 31 00 01 02 03 04 00
2005 09 07 01 02 03 04 00 01
2005 09 14 02 03 04 00 01 02
2005 09 21 03 04 00 01 02 03
2005 09 28 04 00 01 02 03 04
2005 10 05 00 01 02 03 04 00
2005 10 12 01 02 03 04 00 01
2005 10 19 02 03 04 00 01 02
2005 10 26 03 04 00 01 02 03
2005 11 02 04 00 01 02 03 04
2005 11 09 00 01 02 03 04 00
2005 11 16 01 02 03 04 00 01
2005 11 23 02 03 04 00 01 02
2005 11 30 03 04 00 01 02 03
2005 12 07 04 00 01 02 03 04
2005 12 14 00 01 02 03 04 00
2005 12 21 01 02 03 04 00 01
2005 12 28 02 03 04 00 01 02
2006 01 04 03 04 00 01 02 03
2006 01 11 04 00 01 02 03 04
2006 01 18 00 01 02 03 04 00
2006 01 25 01 02 03 04 00 01
2006 02 01 02 03 04 00 01 02
2006 02 08 03 04 00 01 02 03
2006 02 15 04 00 01 02 03 04
2006 02 22 00 01 02 03 04 00
2006 03 01 01 02 03 04 00 01
2006 03 08 02 03 04 00 01 02
2006 03 15 03 04 00 01 02 03
2006 03 22 04 00 01 02 03 04
2006 03 29 00 01 02 03 04 00
2006 04 05 01 02 03 04 00 01
2006 04 12 02 03 04 00 01 02
2006 04 19 03 04 00 01 02 03
2006 04 26 04 00 01 02 03 04
2006 05 03 00 01 02 03 04 00
2006 05 10 01 02 03 04 00 01
2006 05 17 02 03 04 00 01 02
2006 05 24 03 04 00 01 02 03
2006 05 31 04 00 01 02 03 04
2006 06 07 00 01 02 03 04 00
2006 06 14 01 02 03 04 00 01
2006 06 21 02 03 04 00 01 02
2006 06 28 03 04 00 01 02 03
2006 07 05 04 00 01 02 03 04
2006 07 12 00 01 02 03 04 00
2006 07 19 01 02 03 04 00 01
2006 07 26 02 03 04 00 01 02
2006 08 02 03 04 00 01 02 03
2006 08 09 04 00 01 02 03 04
2006 08 16 00 01 02 03 04 00
2006 08 23 01 02 03 04 00 01
2006 08 30 02 03 04 00 01 02
2006 09 06 03 04 00 01 02 03
2006 09 13 04 00 01 02 03 04
2006 09 20 00 01 02 03 04 00
2006 09 27 01 02 03 04 00 01
2006 10 04 02 03 04 00 01 02
2006 10 11 03 04 00 01 02 03
2006 10 18 04 00 01 02 03 04
2006 10 25 00 01 02 03 04 00
2006 11 01 01 02 03 04 00 01
2006 11 08 02 03 04 00 01 02
2006 11 15 03 04 00 01 02 03
2006 11 22 04 00 01 02 03 04
2006 11 29 00 01 02 03 04 00
2006 12 06 01 02 03 04 00 01
2006 12 13 02 03 04 00 01 02
2006 12 20 03 04 00 01 02 03
2006 12 27 04 00 01 02 03 04
2007 01 03 00 01 02 03 04 00
2007 01 10 01 02 03 04 00 01
2007 01 17 02 03 04 00 01 02
2007 01 24 03 04 00 01 02 03
2007 01 31 04 00 01 02 03 04
2007 02 07 00 01 02 03 04 00
2007 02 14 01 02 03 04 00 01
2007 02 21 02 03 04 00 01 02
2007 02 28 03 04 00 01 02 03
2007 03 07 04 00 01 02 03 04
2007 03 14 00 01 02 03 04 00
2007 03 21 01 02 03 04 00 01
2007 03 28 02 03 04 00 01 02
2007 04 04 03 04 00 01 02 03
2007 04 11 04 00 01 02 03 04
2007 04 18 00 01 02 03 04 00
2007 04 25 01 02 03 04 00 01
2007 05 02 02 03 04 00 01 02
2007 05 09 03 04 00 01 02 03
2007 05 16 04 00 01 02 03 04
2007 05 23 00 01 02 03 04 00
2007 05 30 01 02 03 04 00 01
2007 06 06 02 03 04 00 01 02
2007 06 13 03 04 00 01 02 03
2007 06 20 04 00 01 02 03 04
2007 06 27 00 01 02 03 04 00
2007 07 04 01 02 03 04 00 01
2007 07 11 02 03 04 00 01 02
2007 07 18 03 04 00 01 02 03
2007 07 25 04 00 01 02 03 04
2007 08 01 00 01 02 03 04 00
2007 08 08 01 02 03 04 00 01
2007 08 15 02 03 04 00 01 02
2007 08 22 03 04 00 01 02 03
2007 08 29 04 00 01 02 03 04
2007 09 05 00 01 02 03 04 00
2007 09 12 01 02 03 04 00 01
2007 09 19 02 03 04 00 01 02
2007 09 26 03 04 00 01 02 03
2007 10 03 04 00 01 02 03 04
2007 10 10 00 01 02 03 04 00
2007 10 17 01 02 03 04 00 01
2007 10 24 02 03 04 00 01 02
2007 10 31 03 04 00 01 02 03
2007 11 07 04 00 01 02 03 04
2007 11 14 00 01 02 03 04 00
2007 11 21 01 02 03 04 00 01
2007 11 28 02 03 04 00 01 02
2007 12 05 03 04 00 01 02 03
2007 12 12 04 00 01 02 03 04
2007 12 19 00 01 02 03 04 00
2007 12 26 01 02 03 04 00 01
2008 01 02 02 03 04 00 01 02
2008 01 09 03 04 00 01 02 03
2008 01 16 04 00 01 02 03 04
2008 01 23 00 01 02 03 04 00
2008 01 30 01 02 03 04 00 01
2008 02 06 02 03 04 00 01 02
2008 02 13 03 04 00 01 02 03
2008 02 20 04 00 01 02 03 04
2008 02 27 00 01 02 03 04 00
2008 03 05 01 02 03 04 00 01
2008 03 12 02 03 04 00 01 02
2008 03 19 03 04 00 01 02 03
2008 03 26 04 00 01 02 03 04
2008 04 02 00 01 02 03 04 00
2008 04 09 01 02 03 04 00 01
2008 04 16 02 03 04 00 01 02
2008 04 23 03 04 00 01 02 03
2008 04 30 04 00 01 02 03 04
2008 05 07 00 01 02 03 04 00
2008 05 14 01 02 03 04 00 01
2008 05 21 02 03 04 00 01 02
2008 05 28 03 04 00 01 02 03
2008 06 04 04 00 01 02 03 04
2008 06 11 00 01 02 03 04 00
2008 06 18 01 02 03 04 00 01
2008 06 25 02 03 04 00 01 02
2008 07 02 03 04 00 01 02 03
2008 07 09 04 00 01 02 03 04
2008 07 16 00 01 02 03 04 00
2008 07 23 01 02 03 04 00 01
2008 07 30 02 03 04 00 01 02
2008 08 06 03 04 00 01 02 03
2008 08 13 04 00 01 02 03 04
2008 08 20 00 01 02 03 04 00
2008 08 27 01 02 03 04 00 01
2008 09 03 02 03 04 00 01 02
2008 09 10 03 04 00 01 02 03
2008 09 17 04 00 01 02 03 04
2008 09 24 00 01 02 03 04 00
2008 10 01 01 02 03 04 00 01
2008 10 08 02 03 04 00 01 02
2008 10 15 03 04 00 01 02 03
2008 10 22 04 00 01 02 03 04
2008 10 29 00 01 02 03 04 00
2008 11 05 01 02 03 04 00 01
2008 11 12 02 03 04 00 01 02
2008 11 19 03 04 00 01 02 03
2008 11 26 04 00 01 02 03 04
2008 12 03 00 01 02 03 04 00
2008 12 10 01 02 03 04 00 01
2008 12 17 02 03 04 00 01 02
2008 12 24 03 04 00 01 02 03
2008 12 31 04 00 01 02 03 04
2009 01 07 00 01 02 03 04 00
2009 01 14 01 02 03 04 00 01
2009 01 21 02 03 04 00 01 02
2009 01 28 03 04 00 01 02 03
2009 02 04 04 00 01 02 03 04
2009 02 11 00 01 02 03 04 00
2009 02 18 01 02 03 04 00 01
2009 02 25 02 03 04 00 01 02
2009 03 04 03 04 00 01 02 03
2009 03 11 04 00 01 02 03 04
2009 03 18 00 01 02 03 04 00
2009 03 25 01 02 03 04 00 01
2009 04 01 02 03 04 00 01 02
2009 04 08 03 04 00 01 02 03
2009 04 15 04 00 01 02 03 04
2009 04 22 00 01 02 03 04 00
2009 04 29 01 02 03 04 00 01
2009 05 06 02 03 04 00 01 02
2009 05 13 03 04 00 01 02 03
2009 05 20 04 00 01 02 03 04
2009 05 27 00 01 02 03 04 00
2009 06 03 01 02 03 04 00 01
2009 06 10 02 03 04 00 01 02
2009 06 17 03 04 00 01 02 03
2009 06 24 04 00 01 02 03 04
2009 07 01 00 01 02 03 04 00
2009 07 08 01 02 03 04 00 01
2009 07 15 02 03 04 00 01 02
2009 07 22 03 04 00 01 02 03
2009 07 29 04 00 01 02 03 04
2009 08 05 00 01 02 03 04 00
2009 08 12 01 02 03 04 00 01
2009 08 19 02 03 04 00 01 02
2009 08 26 03 04 00 01 02 03
2009 09 02 04 00 01 02 03 04
2009 09 09 00 01 02 03 04 00
2009 09 16 01 02 03 04 00 01
2009 09 23 02 03 04 00 01 02
2009 09 30 03 04 00 01 02 03
2009 10 07 04 00 01 02 03 04
2009 10 14 00 01 02 03 04 00
2009 10 21 01 02 03 04 00 01
2009 10 28 02 03 04 00 01 02
2009 11 04 03 04 00 01 02 03
2009 11 11 04 00 01 02 03 04
2009 11 18 00 01 02 03 04 00
2009 11 25 01 02 03 04 00 01
2009 12 02 02 03 04 00 01 02
2009 12 09 03 04 00 01 02 03
2009 12 16 04 00 01 02 03 04
2009 12 23 00 01 02 03 04 00
2009 12 30 01 02 03 04 00 01
2010 01 06 02 03 04 00 01 02
2010 01 13 03 04 00 01 02 03
2010 01 20 04 00 01 02 03 04
2010 01 27 00 01 02 03 04 00
2010 02 03 01 02 03 04 00 01
2010 02 10 02 03 04 00 01 02
2010 02 17 03 04 00 01 02 03
2010 02 24 04 00 01 02 03 04
2010 03 03 00 01 02 03 04 00
2010 03 10 01 02 03 04 00 01
2010 03 17 02 03 04 00 01 02
2010 03 24 03 04 00 01 02 03
2010 03 31 04 00 01 02 03 04
2010 04 07 00 01 02 03 04 00
2010 04 14 01 02 03 04 00 01
2010 04 21 02 03 04 00 01 02
2010 04 28 03 04 00 01 02 03
2010 05 05 04 00 01 02 03 04
2010 05 12 00 01 02 03 04 00
2010 05 19 01 02 03 04 00 01
2010 05 26 02 03 04 00 01 02
2010 06 02 03 04 00 01 02 03
2010 06 09 04 00 01 02 03 04
2010 06 16 00 01 02 03 04 00
2010 06 23 01 02 03 04 00 01
2010 06 30 02 03 04 00 01 02
2010 07 07 03 04 00 01 02 03
2010 07 14 04 00 01 02 03 04
2010 07 21 00 01 02 03 04 00
2010 07 28 01 02 03 04 00 01
2010 08 04 02 03 04 00 01 02
2010 08 11 03 04 00 01 02 03
2010 08 18 04 00 01 02 03 04
2010 08 25 00 01 02 03 04 00
2010 09 01 01 02 03 04 00 01
2010 09 08 02 03 04 00 01 02
2010 09 15 03 04 00 01 02 03
2010 09 22 04 00 01 02 03 04
2010 09 29 00 01 02 03 04 00
2010 10 06 01 02 03 04 00 01
2010 10 13 02 03 04 00 01 02
2010 10 20 03 04 00 01 02 03
2010 10 27 04 00 01 02 03 04
2010 11 03 00 01 02 03 04 00
2010 11 10 01 02 03 04 00 01
2010 11 17 02 03 04 00 01 02
2010 11 24 03 04 00 01 02 03
2010 12 01 04 00 01 02 03 04
2010 12 08 00 01 02 03 04 00
2010 12 15 01 02 03 04 00 01
2010 12 22 02 03 04 00 01 02
2010 12 29 03 04 00 01 02 03
2011 01 05 04 00 01 02 03 04
2011 01 12 00 01 02 03 04 00
2011 01 19 01 02 03 04 00 01
2011 01 26 02 03 04 00 01 02
2011 02 02 03 04 00 01 02 03
2011 02 09 04 00 01 02 03 04
2011 02 16 00 01 02 03 04 00
2011 02 23 01 02 03 04 00 01
2011 03 02 02 03 04 00 01 02
2011 03 09 03 04 00 01 02 03
2011 03 16 04 00 01 02 03 04
2011 03 23 00 01 02 03 04 00
2011 03 30 01 02 03 04 00 01
2011 04 06 02 03 04 00 01 02
2011 04 13 03 04 00 01 02 03
2011 04 20 04 00 01 02 03 04
2011 04 27 00 01 02 03 04 00
2011 05 04 01 02 03 04 00 01
2011 05 11 02 03 04 00 01 02
2011 05 18 03 04 00 01 02 03
2011 05 25 04 00 01 02 03 04
2011 06 01 00 01 02 03 04 00
2011 06 08 01 02 03 04 00 01
2011 06 15 02 03 04 00 01 02
2011 06 22 03 04 00 01 02 03
2011 06 29 04 00 01 02 03 04
2011 07 06 00 01 02 03 04 00
2011 07 13 01 02 03 04 00 01
2011 07 20 02 03 04 00 01 02
2011 07 27 03 04 00 01 02 03
2011 08 03 04 00 01 02 03 04
2011 08 10 00 01 02 03 04 00
2011 08 17 01 02 03 04 00 01
2011 08 24 02 03 04 00 01 02
2011 08 31 03 04 00 01 02 03
2011 09 07 04 00 01 02 03 04
2011 09 14 00 01 02 03 04 00
2011 09 21 01 02 03 04 00 01
2011 09 28 02 03 04 00 01 02
2011 10 05 03 04 00 01 02 03
2011 10 12 04 00 01 02 03 04
2011 10 19 00 01 02 03 04 00
2011 10 26 01 02 03 04 00 01
2011 11 02 02 03 04 00 01 02
2011 11 09 03 04 00 01 02 03
2011 11 16 04 00 01 02 03 04
2011 11 23 00 01 02 03 04 00
2011 11 30 01 02 03 04 00 01
2011 12 07 02 03 04 00 01 02
2011 12 14 03 04 00 01 02 03
2011 12 21 04 00 01 02 03 04
2011 12 28 00 01 02 03 04 00
2012 01 04 01 02 03 04 00 01
2012 01 11 02 03 04 00 01 02
2012 01 18 03 04 00 01 02 03
2012 01 25 04 00 01 02 03 04
2012 02 01 00 01 02 03 04 00
2012 02 08 01 02 03 04 00 01
2012 02 15 02 03 04 00 01 02
2012 02 22 03 04 00 01 02 03
2012 02 29 04 00 01 02 03 04
2012 03 07 00 01 02 03 04 00
2012 03 14 01 02 03 04 00 01
2012 03 21 02 03 04 00 01 02
2012 03 28 03 04 00 01 02 03
2012 04 04 04 00 01 02 03 04
2012 04 11 00 01 02 03 04 00
2012 04 18 01 02 03 04 00 01
2012 04 25 02 03 04 00 01 02
2012 05 02 03 04 00 01 02 03
2012 05 09 04 00 01 02 03 04
2012 05 16 00 01 02 03 04 00
2012 05 23 01 02 03 04 00 01
2012 05 30 02 03 04 00 01 02
2012 06 06 03 04 00 01 02 03
2012 06 13 04 00 01 02 03 04
2012 06 20 00 01 02 03 04 00
2012 06 27 01 02 03 04 00 01
2012 07 04 02 03 04 00 01 02
2012 07 11 03 04 00 01 02 03
2012 07 18 04 00 01 02 03 04
2012 07 25 00 01 02 03 04 00
2012 08 01 01 02 03 04 00 01
2012 08 08 02 03 04 00 01 02
2012 08 15 03 04 00 01 02 03
2012 08 22 04 00 01 02 03 04
2012 08 29 00 01 02 03 04 00
2012 09 05 01 02 03 04 00 01
2012 09 12 02 03 04 00 01 02
2012 09 19 03 04 00 01 02 03
2012 09 26 04 00 01 02 03 04
2012 10 03 00 01 02 03 04 00
2012 10 10 01 02 03 04 00 01
2012 10 17 02 03 04 00 01 02
2012 10 24 03 04 00 01 02 03
2012 10 31 04 00 01 02 03 04
2012 11 07 00 01 02 03 04 00
2012 11 14 01 02 03 04 00 01
2012 11 21 02 03 04 00 01 02
2012 11 28 03 04 00 01 02 03
2012 12 05 04 00 01 02 03 04
2012 12 12 00 01 02 03 04 00
2012 12 19 01 02 03 04 00 01
2012 12 26 02 03 04 00 01 02
2013 01 02 03 04 00 01 02 03
2013 01 09 04 00 01 02 03 04
2013 01 16 00 01 02 03 04 00
2013 01 23 01 02 03 04 00 01
2013 01 30 02 03 04 00 01 02
2013 02 06 03 04 00 01 02 03
2013 02 13 04 00 01 02 03 04
2013 02 20 00 01 02 03 04 00
2013 02 27 01 02 03 04 00 01
2013 03 06 02 03 04 00 01 02
2013 03 13 03 04 00 01 02 03
2013 03 20 04 00 01 02 03 04
2013 03 27 00 01 02 03 04 00
2013 04 03 01 02 03 04 00 01
2013 04 10 02 03 04 00 01 02
2013 04 17 03 04 00 01 02 03
2013 04 24 04 00 01 02 03 04
2013 05 01 00 01 02 03 04 00
2013 05 08 01 02 03 04 00 01
2013 05 15 02 03 04 00 01 02
2013 05 22 03 04 00 01 02 03
2013 05 29 04 00 01 02 03 04
2013 06 05 00 01 02 03 04 00
2013 06 12 01 02 03 04 00 01
2013 06 19 02 03 04 00 01 02
2013 06 26 03 04 00 01 02 03
2013 07 03 04 00 01 02 03 04
2013 07 10 00 01 02 03 04 00
2013 07 17 01 02 03 04 00 01
2013 07 24 02 03 04 00 01 02
2013 07 31 03 04 00 01 02 03
2013 08 07 04 00 01 02 03 04
2013 08 14 00 01 02 03 04 00
2013 08 21 01 02 03 04 00 01
2013 08 28 02 03 04 00 01 02
2013 09 04 03 04 00 01 02 03
2013 09 11 04 00 01 02 03 04
2013 09 18 00 01 02 03 04 00
2013 09 25 01 02 03 04 00 01
2013 10 02 02 03 04 00 01 02
2013 10 09 03 04 00 01 02 03
2013 10 16 04 00 01 02 03 04
2013 10 23 00 01 02 03 04 00
2013 10 30 01 02 03 04 00 01
2013 11 06 02 03 04 00 01 02
2013 11 13 03 04 00 01 02 03
2013 11 20 04 00 01 02 03 04
2013 11 27 00 01 02 03 04 00
2013 12 04 01 02 03 04 00 01
2013 12 11 02 03 04 00 01 02
2013 12 18 03 04 00 01 02 03
2013 12 25 04 00 01 02 03 04
2014 01 01 00 01 02 03 04 00
2014 01 08 01 02 03 04 00 01
2014 01 15 02 03 04 00 01 02
2014 01 22 03 04 00 01 02 03
2014 01 29 04 00 01 02 03 04
2014 02 05 00 01 02 03 04 00
2014 02 12 01 02 03 04 00 01
2014 02 19 02 03 04 00 01 02
2014 02 26 03 04 00 01 02 03
2014 03 05 04 00 01 02 03 04
2014 03 12 00 01 02 03 04 00
2014 03 19 01 02 03 04 00 01
2014 03 26 02 03 04 00 01 02
2014 04 02 03 04 00 01 02 03
2014 04 09 04 00 01 02 03 04
2014 04 16 00 01 02 03 04 00
2014 04 23 01 02 03 04 00 01
2014 04 30 02 03 04 00 01 02
2014 05 07 03 04 00 01 02 03
2014 05 14 04 00 01 02 03 04
2014 05 21 00 01 02 03 04 00
2014 05 28 01 02 03 04 00 01
2014 06 04 02 03 04 00 01 02
2014 06 11 03 04 00 01 02 03
2014 06 18 04 00 01 02 03 04
2014 06 25 00 01 02 03 04 00
2014 07 02 01 02 03 04 00 01
2014 07 09 02 03 04 00 01 02
2014 07 16 03 04 00 01 02 03
2014 07 23 04 00 01 02 03 04
2014 07 30 00 01 02 03 04 00
2014 08 06 01 02 03 04 00 01
2014 08 13 02 03 04 00 01 02
2014 08 20 03 04 00 01 02 03
2014 08 27 04 00 01 02 03 04
2014 09 03 00 01 02 03 04 00
2014 09 10 01 02 03 04 00 01
2014 09 17 02 03 04 00 01 02
2014 09 24 03 04 00 01 02 03
2014 10 01 04 00 01 02 03 04
2014 10 08 00 01 02 03 04 00
2014 10 15 01 02 03 04 00 01
2014 10 22 02 03 04 00 01 02
2014 10 29 03 04 00 01 02 03
2014 11 05 04 00 01 02 03 04
2014 11 12 00 01 02 03 04 00
2014 11 19 01 02 03 04 00 01
2014 11 26 02 03 04 00 01 02
2014 12 03 03 04 00 01 02 03
2014 12 10 04 00 01 02 03 04
2014 12 17 00 01 02 03 04 00
2014 12 24 01 02 03 04 00 01
2014 12 31 02 03 04 00 01 02
2015 01 07 03 04 00 01 02 03
2015 01 14 04 00 01 02 03 04
2015 01 21 00 01 02 03 04 00
2015 01 28 01 02 03 04 00 01
2015 02 04 02 03 04 00 01 02
2015 02 11 03 04 00 01 02 03
2015 02 18 04 00 01 02 03 04
2015 02 25 00 01 02 03 04 00
2015 03 04 01 02 03 04 00 01
2015 03 11 02 03 04 00 01 02
2015 03 18 03 04 00 01 02 03
2015 03 25 04 00 01 02 03 04
2015 04 01 00 01 02 03 04 00
2015 04 08 01 02 03 04 00 01
2015 04 15 02 03 04 00 01 02
2015 04 22 03 04 00 01 02 03
2015 04 29 04 00 01 02 03 04
2015 05 06 00 01 02 03 04 00
2015 05 13 01 02 03 04 00 01
2015 05 20 02 03 04 00 01 02
2015 05 27 03 04 00 01 02 03
2015 06 03 04 00 01 02 03 04
2015 06 10 00 01 02 03 04 00
2015 06 17 01 02 03 04 00 01
2015 06 24 02 03 04 00 01 02
2015 07 01 03 04 00 01 02 03
2015 07 08 04 00 01 02 03 04
2015 07 15 00 01 02 03 04 00
2015 07 22 01 02 03 04 00 01
2015 07 29 02 03 04 00 01 02
2015 08 05 03 04 00 01 02 03
2015 08 12 04 00 01 02 03 04
2015 08 19 00 01 02 03 04 00
2015 08 26 01 02 03 04 00 01
2015 09 02 02 03 04 00 01 02
2015 09 09 03 04 00 01 02 03
2015 09 16 04 00 01 02 03 04
2015 09 23 00 01 02 03 04 00
2015 09 30 01 02 03 04 00 01
2015 10 07 02 03 04 00 01 02
2015 10 14 03 04 00 01 02 03
2015 10 21 04 00 01 02 03 04
2015 10 28 00 01 02 03 04 00
2015 11 04 01 02 03 04 00 01
2015 11 11 02 03 04 00 01 02
2015 11 18 03 04 00 01 02 03
2015 11 25 04 00 01 02 03 04
2015 12 02 00 01 02 03 04 00
2015 12 09 01 02 03 04 00 01
2015 12 16 02 03 04 00 01 02
2015 12 23 03 04 00 01 02 03
2015 12 30 04 00 01 02 03 04
2016 01 06 00 01 02 03 04 00
2016 01 13 01 02 03 04 00 01
2016 01 20 02 03 04 00 01 02
2016 01 27 03 04 00 01 02 03
2016 02 03 04 00 01 02 03 04
2016 02 10 00 01 02 03 04 00
2016 02 17 01 02 03 04 00 01
2016 02 24 02 03 04 00 01 02
2016 03 02 03 04 00 01 02 03
2016 03 09 04 00 01 02 03 04
2016 03 16 00 01 02 03 04 00
2016 03 23 01 02 03 04 00 01
2016 03 30 02 03 04 00 01 02
2016 04 06 03 04 00 01 02 03
2016 04 13 04 00 01 02 03 04
2016 04 20 00 01 02 03 04 00
2016 04 27 01 02 03 04 00 01
2016 05 04 02 03 04 00 01 02
2016 05 11 03 04 00 01 02 03
2016 05 18 04 00 01 02 03 04
2016 05 25 00 01 02 03 04 00
2016 06 01 01 02 03 04 00 01
2016 06 08 02 03 04 00 01 02
2016 06 15 03 04 00 01 02 03
2016 06 22 04 00 01 02 03 04
2016 06 29 00 01 02 03 04 00
2016 07 06 01 02 03 04 00 01
2016 07 13 02 03 04 00 01 02
2016 07 20 03 04 00 01 02 03
2016 07 27 04 00 01 02 03 04
2016 08 03 00 01 02 03 04 00
2016 08 10 01 02 03 04 00 01
2016 08 17 02 03 04 00 01 02
2016 08 24 03 04 00 01 02 03
2016 08 31 04 00 01 02 03 04
2016 09 07 00 01 02 03 04 00
2016 09 14 01 02 03 04 00 01
2016 09 21 02 03 04 00 01 02
2016 09 28 03 04 00 01 02 03
2016 10 05 04 00 01 02 03 04
2016 10 12 00 01 02 03 04 00
2016 10 19 01 02 03 04 00 01
2016 10 26 02 03 04 00 01 02
2016 11 02 03 04 00 01 02 03
2016 11 09 04 00 01 02 03 04
2016 11 16 00 01 02 03 04 00
2016 11 23 01 02 03 04 00 01
2016 11 30 02 03 04 00 01 02
2016 12 07 03 04 00 01 02 03
2016 12 14 04 00 01 02 03 04
2016 12 21 00 01 02 03 04 00
2016 12 28 01 02 03 04 00 01
2017 01 04 02 03 04 00 01 02
2017 01 11 03 04 00 01 02 03
2017 01 18 04 00 01 02 03 04
2017 01 25 00 01 02 03 04 00
2017 02 01 01 02 03 04 00 01
2017 02 08 02 03 04 00 01 02
2017 02 15 03 04 00 01 02 03
2017 02 22 04 00 01 02 03 04
2017 03 01 00 01 02 03 04 00
2017 03 08 01 02 03 04 00 01
2017 03 15 02 03 04 00 01 02
2017 03 22 03 04 00 01 02 03
2017 03 29 04 00 01 02 03 04
2017 04 05 00 01 02 03 04 00
2017 04 12 01 02 03 04 00 01
2017 04 19 02 03 04 00 01 02
2017 04 26 03 04 00 01 02 03
2017 05 03 04 00 01 02 03 04
2017 05 10 00 01 02 03 04 00
2017 05 17 01 02 03 04 00 01
2017 05 24 02 03 04 00 01 02
2017 05 31 03 04 00 01 02 03
2017 06 07 04 00 01 02 03 04
2017 06 14 00 01 02 03 04 00
2017 06 21 01 02 03 04 00 01
2017 06 28 02 03 04 00 01 02
2017 07 05 03 04 00 01 02 03
2017 07 12 04 00 01 02 03 04
2017 07 19 00 01 02 03 04 00
2017 07 26 01 02 03 04 00 01
2017 08 02 02 03 04 00 01 02
2017 08 09 03 04 00 01 02 03
2017 08 16 04 00 01 02 03 04
2017 08 23 00 01 02 03 04 00
2017 08 30 01 02 03 04 00 01
2017 09 06 02 03 04 00 01 02
2017 09 13 03 04 00 01 02 03
2017 09 20 04 00 01 02 03 04
2017 09 27 00 01 02 03 04 00
2017 10 04 01 02 03 04 00 01
2017 10 11 02 03 04 00 01 02
2017 10 18 03 04 00 01 02 03
2017 10 25 04 00 01 02 03 04
2017 11 01 00 01 02 03 04 00
2017 11 08 01 02 03 04 00 01
2017 11 15 02 03 04 00 01 02
2017 11 22 03 04 00 01 02 03
2017 11 29 04 00 01 02 03 04
2017 12 06 00 01 02 03 04 00
2017 12 13 01 02 03 04 00 01
2017 12 20 02 03 04 00 01 02
2017 12 27 03 04 00 01 02 03
2018 01 03 04 00 01 02 03 04
2018 01 10 00 01 02 03 04 00
2018 01 17 01 02 03 04 00 01
2018 01 24 02 03 04 00 01 02
2018 01 31 03 04 00 01 02 03
2018 02 07 04 00 01 02 03 04
2018 02 14 00 01 02 03 04 00
2018 02 21 01 02 03 04 00 01
2018 02 28 02 03 04 00 01 02
2018 03 07 03 04 00 01 02 03
2018 03 14 04 00 01 02 03 04
2018 03 21 00 01 02 03 04 00
2018 03 28 01 02 03 04 00 01
2018 04 04 02 03 04 00 01 02
2018 04 11 03 04 00 01 02 03
2018 04 18 04 00 01 02 03 04
2018 04 25 00 01 02 03 04 00
2018 05 02 01 02 03 04 00 01
2018 05 09 02 03 04 00 01 02
2018 05 16 03 04 00 01 02 03
2018 05 23 04 00 01 02 03 04
2018 05 30 00 01 02 03 04 00
2018 06 06 01 02 03 04 00 01
2018 06 13 02 03 04 00 01 02
2018 06 20 03 04 00 01 02 03
2018 06 27 04 00 01 02 03 04
2018 07 04 00 01 02 03 04 00
2018 07 11 01 02 03 04 00 01
2018 07 18 02 03 04 00 01 02
2018 07 25 03 04 00 01 02 03
2018 08 01 04 00 01 02 03 04
2018 08 08 00 01 02 03 04 00
2018 08 15 01 02 03 04 00 01
2018 08 22 02 03 04 00 01 02
2018 08 29 03 04 00 01 02 03
2018 09 05 04 00 01 02 03 04
2018 09 12 00 01 02 03 04 00
2018 09 19 01 02 03 04 00 01
2018 09 26 02 03 04 00 01 02
2018 10 03 03 04 00 01 02 03
2018 10 10 04 00 01 02 03 04
2018 10 17 00 01 02 03 04 00
2018 10 24 01 02 03 04 00 01
2018 10 31 02 03 04 00 01 02
2018 11 07 03 04 00 01 02 03
2018 11 14 04 00 01 02 03 04
2018 11 21 00 01 02 03 04 00
2018 11 28 01 02 03 04 00 01
2018 12 05 02 03 04 00 01 02
2018 12 12 03 04 00 01 02 03
2018 12 19 04 00 01 02 03 04
2018 12 26 00 01 02 03 04 00
2019 01 02 01 02 03 04 00 01
2019 01 09 02 03 04 00 01 02
2019 01 16 03 04 00 01 02 03
2019 01 23 04 00 01 02 03 04
2019 01 30 00 01 02 03 04 00
2019 02 06 01 02 03 04 00 01
2019 02 13 02 03 04 00 01 02
2019 02 20 03 04 00 01 02 03
2019 02 27 04 00 01 02 03 04
2019 03 06 00 01 02 03 04 00
2019 03 13 01 02 03 04 00 01
2019 03 20 02 03 04 00 01 02
2019 03 27 03 04 00 01 02 03
2019 04 03 04 00 01 02 03 04
2019 04 10 00 01 02 03 04 00
2019 04 17 01 02 03 04 00 01
2019 04 24 02 03 04 00 01 02
2019 05 01 03 04 00 01 02 03
2019 05 08 04 00 01 02 03 04
2019 05 15 00 01 02 03 04 00
2019 05 22 01 02 03 04 00 01
2019 05 29 02 03 04 00 01 02
2019 06 05 03 04 00 01 02 03
2019 06 12 04 00 01 02 03 04
2019 06 19 00 01 02 03 04 00
2019 06 26 01 02 03 04 00 01
2019 07 03 02 03 04 00 01 02
2019 07 10 03 04 00 01 02 03
2019 07 17 04 00 01 02 03 04
2019 07 24 00 01 02 03 04 00
2019 07 31 01 02 03 04 00 01
2019 08 07 02 03 04 00 01 02
2019 08 14 03 04 00 01 02 03
2019 08 21 04 00 01 02 03 04
2019 08 28 00 01 02 03 04 00
2019 09 04 01 02 03 04 00 01
2019 09 11 02 03 04 00 01 02
2019 09 18 03 04 00 01 02 03
2019 09 25 04 00 01 02 03 04
2019 10 02 00 01 02 03 04 00
2019 10 09 01 02 03 04 00 01
2019 10 16 02 03 04 00 01 02
2019 10 23 03 04 00 01 02 03
2019 10 30 04 00 01 02 03 04
2019 11 06 00 01 02 03 04 00
2019 11 13 01 02 03 04 00 01
2019 11 20 02 03 04 00 01 02
2019 11 27 03 04 00 01 02 03
2019 12 04 04 00 01 02 03 04
2019 12 11 00 01 02 03 04 00
2019 12 18 01 02 03 04 00 01
2019 12 25 02 03 04 00 01 02
