 -160.794  53.969  46075
 -148.009  59.471  46076
 -152.582  55.556  46078
 -150.042  57.947  46080
 -160.000  57.700  46021
 -154.176  57.902  46077
 -152.230  59.050  46079
 -152.233  59.049  46105
 -165.475  64.473  46265
 -147.949  56.232  46001
 -155.009  52.765  46066
 -136.100  50.930  46004
 -138.850  53.920  46184
 -143.372  59.681  46082
 -138.019  58.270  46083
 -136.102  56.622  46084
 -142.882  55.883  46085
 -134.320  54.180  46205
 -132.420  54.370  46145
 -131.220  51.830  46147
 -131.100  53.620  46183
 -129.790  52.420  46185
 -128.770  51.380  46204
 -129.920  50.870  46207
 -132.690  52.520  46208
 -129.795  52.437  46138
 -130.502  42.658  46002
 -137.379  40.766  46006
 -129.951  38.094  46059
 -121.019  34.956  46011
 -122.881  37.356  46012
 -123.303  38.253  46013
 -123.974  39.231  46014
 -124.527  40.748  46022
 -120.967  34.714  46023
 -122.839  37.754  46026
 -124.380  41.852  46027
 -124.844  42.752  46015
 -119.044  33.758  46025
 -121.903  35.770  46028
 -124.525  40.423  46030
 -122.398  36.785  46042
 -119.525  32.388  46047
 -124.546  44.669  46050
 -119.839  34.241  46053
 -120.470  34.273  46054
 -121.010  35.101  46062
 -120.699  34.273  46063
 -120.213  33.677  46069
 -118.052  32.499  46086
 -125.785  45.933  46089
 -124.732  40.295  46213
 -123.463  37.937  46214
 -119.803  34.333  46216
 -119.435  34.167  46217
 -120.780  34.452  46218
 -119.872  33.219  46219
 -118.641  33.860  46221
 -118.317  33.618  46222
 -117.767  33.458  46223
 -117.472  33.178  46224
 -117.391  32.933  46225
 -117.444  32.632  46227
 -124.549  43.770  46229
 -117.370  32.747  46231
 -117.425  32.517  46232
 -120.859  35.204  46215
 -121.949  36.760  46236
 -122.632  37.788  46237
 -119.550  33.760  46238
 -122.104  36.335  46239
 -121.907  36.626  46240
 -124.128  46.216  46243
 -124.357  40.896  46244
 -145.170  50.017  46246
 -124.644  46.133  46248
 -119.200  33.000  46024
 -121.899  36.835  46091
 -122.029  36.751  46092
 -122.410  36.690  46093
 -124.300  44.642  46094
 -124.304  44.639  46097
 -124.956  44.381  46098
 -122.343  36.700  46114
 -124.313  40.753  46212
 -117.353  32.848  46226
 -117.320  32.936  46233
 -117.169  32.570  46235
 -117.439  33.220  46242
 -122.833  37.753  46247
 -119.708  33.821  46249
 -119.090  34.034  46250
 -119.565  33.769  46251
 -119.257  33.953  46252
 -118.181  33.576  46253
 -117.267  32.868  46254
 -119.651  33.400  46255
 -118.201  33.700  46256
 -120.766  34.439  46257
 -117.501  32.752  46258
 -121.498  34.767  46259
 -119.004  33.704  46262
 -131.079  46.134  46005
 -133.940  48.360  46036
 -127.890  49.780  46132
 -126.000  48.840  46206
 -124.485  46.143  46029
 -124.742  47.353  46041
 -124.726  48.493  46087
 -124.244  46.857  46211
 -124.127  46.173  46096
 -124.566  46.986  46099
 -124.972  46.851  46100
 -124.950  47.967  46119
 -124.063  46.215  46127
 -126.010  48.844  46139
 -151.695  57.479  46264
 -177.703  57.016  46035
 175.183  55.008  46070
 -172.002  55.009  46073
 179.012  51.125  46071
 -172.088  51.672  46072
 -168.000  55.883  46020
 -162.000  24.453  51001
 -157.742  17.043  51002
 -160.639  19.196  51003
 -152.255  17.533  51004
 -158.117  21.671  51201
 -157.680  21.417  51202
 -153.792  23.528  51000
 -153.900  23.558  51100
 -162.075  24.361  51101
 -157.010  20.788  51203
 -158.124  21.281  51204
 -156.422  21.019  51205
 -154.970  19.779  51206
 -157.752  21.477  51207
 -153.913  0.000  51028
 -158.303  21.096  51200
 -159.574  22.285  51208
 -170.500  -14.273  51209
 -157.756  21.477  51210
 -134.667  7.630  52212
 -157.959  21.297  51211
 -158.149  21.323  51212
 -157.003  20.750  51213
 144.788  13.354  52200
 126.020  37.230  22101
 125.770  34.800  22102
 127.500  34.000  22103
 128.900  34.770  22104
 130.000  37.530  22105
 171.392  7.083  52201
 144.806  13.682  52202
 145.662  15.268  52211
 133.620  33.120  21178
 131.110  37.460  21229
 125.750  36.250  22108
 126.140  33.790  22184
 125.430  37.090  22185
 125.810  35.660  22186
 127.020  33.130  22187
 128.230  34.390  22188
 129.840  35.350  22189
 129.870  36.910  22190
 150.180  -37.290  55020
 151.070  -23.310  55033
 153.630  -27.490  55035
 148.190  -38.600  55039
 -90.000  -55.000  34002
 -89.657  25.942  42001
 -94.420  25.170  42002
 -85.940  26.070  42003
 -88.769  30.090  42007
 -95.345  27.910  42019
 -96.693  26.968  42020
 -94.413  29.232  42035
 -84.508  28.501  42036
 -86.007  28.787  42039
 -88.237  29.207  42040
 -90.462  27.504  42041
 -92.555  27.421  42038
 -93.941  22.124  42055
 -84.275  27.345  42099
 -87.548  30.060  42012
 -88.490  28.190  42887
 -82.924  27.173  42013
 -82.220  25.254  42014
 -83.306  28.311  42021
 -83.741  27.505  42022
 -83.086  26.010  42023
 -94.899  28.982  42043
 -97.051  26.191  42044
 -96.500  26.217  42045
 -94.037  27.890  42046
 -93.597  27.897  42047
 -88.583  30.050  42067
 -83.650  25.701  42097
 -82.931  27.590  42098
 -90.471  26.672  42360
 -92.490  27.550  42361
 -90.648  27.795  42362
 -89.220  28.160  42363
 -88.090  29.060  42364
 -89.120  28.200  42365
 -90.283  27.207  42369
 -90.536  27.322  42370
 -88.056  28.866  42374
 -88.289  28.521  42375
 -87.944  29.108  42376
 -94.898  26.129  42390
 -90.027  27.196  42392
 -89.240  28.157  42394
 -90.792  26.404  42395
 -83.475  25.171  42026
 -81.251  24.500  42078
 -69.580  18.432  42090
 -84.945  19.820  42056
 -81.422  16.908  42057
 -74.816  14.394  42058
 -81.934  24.396  42080
 -67.477  15.287  42059
 -85.078  -19.425  32012
 -63.331  16.433  42060
 -74.681  11.161  41194
 -66.532  17.869  42085
 -80.061  19.699  42089
 -64.763  18.249  41052
 -65.004  18.257  41051
 -65.464  18.261  41056
 -67.280  18.376  41115
 -81.080  30.000  41117
 -81.242  24.535  42079
 -75.042  36.000  42086
 -81.967  24.407  42095
 -72.660  34.680  41001
 -75.360  32.320  41002
 -79.099  32.502  41004
 -80.866  31.400  41008
 -80.185  28.508  41009
 -78.485  28.878  41010
 -80.534  30.042  41012
 -77.764  33.441  41013
 -75.454  35.010  41025
 -77.280  34.476  41035
 -76.949  34.207  41036
 -64.790  21.030  41043
 -68.384  23.822  41046
 -71.466  27.463  41047
 -69.573  31.831  41048
 -81.292  30.709  41112
 -80.533  28.400  41113
 -80.217  27.551  41114
 -74.842  36.609  44014
 -77.362  33.988  41037
 -77.715  34.141  41038
 -62.938  27.490  41049
 -58.630  21.582  41044
 -77.300  34.484  41109
 -77.715  34.142  41110
 -67.280  18.380  41111
 -66.099  18.474  41053
 -65.157  18.476  41058
 -78.477  33.837  41024
 -78.137  33.302  41027
 -79.624  32.803  41029
 -79.340  32.520  41030
 -80.406  32.279  41033
 -38.000  24.581  41061
 -75.095  35.778  41062
 -75.941  34.782  41063
 -76.949  34.207  41064
 -78.016  33.722  41108
 -76.949  34.213  41159
 -75.714  36.200  44056
 -80.188  28.523  41116
 -80.590  28.609  41118
 -78.483  33.842  41119
 -53.630  44.250  44138
 -66.562  41.093  44011
 -57.960  42.990  44141
 -64.033  42.500  44142
 -48.010  46.770  WRB07
 -62.030  42.260  44137
 -57.100  44.240  44139
 -51.470  42.870  44140
 -64.020  42.500  44150
 -70.433  38.484  44004
 -69.127  43.201  44005
 -69.251  40.498  44008
 -74.684  38.451  44009
 -72.049  40.693  44017
 -70.143  42.206  44018
 -73.164  40.251  44025
 -71.004  41.392  44070
 -65.909  42.325  44024
 -67.300  44.283  44027
 -67.876  43.497  44037
 -66.550  43.633  44038
 -53.390  46.440  44251
 -57.340  47.270  44255
 -75.722  36.915  44099
 -75.593  36.258  44100
 -72.644  39.618  44066
 -75.492  36.872  44093
 -75.330  35.750  44095
 -75.809  37.023  44096
 -71.126  40.967  44097
 -70.171  42.800  44098
 -70.140  43.525  44007
 -70.651  42.346  44013
 -70.279  41.493  44020
 -70.566  42.523  44029
 -70.426  43.179  44030
 -70.060  43.570  44031
 -69.355  43.715  44032
 -68.996  44.055  44033
 -68.112  44.103  44034
 -75.183  38.883  44054
 -75.256  39.122  44055
 -72.067  41.263  44060
 -73.703  40.369  44065
 -75.325  37.754  44089
 -70.329  41.840  44090
 -73.770  39.768  44091
 -70.632  42.942  44092
 -73.106  40.585  44094
 -63.408  44.500  44172
 -57.341  47.263  44235
 -73.087  40.698  44069
 -70.540  43.020  44073
 -75.421  36.001  44086
 -74.841  36.611  44088
 -63.400  44.500  44258
 -48.134  -27.705  31201
 -34.567  -8.150  31052
 -43.088  -23.031  31260
 -47.367  -28.500  31374
 -44.933  -25.283  31051
 -51.353  -32.595  31053
 -49.810  -31.520  31375
 -53.341  14.542  41040
 -46.327  14.453  41041
 -57.883  15.900  41100
 -56.201  14.600  41101
 -51.017  14.824  41060
 -60.848  11.185  42087
 -60.521  11.301  42088
 -125.032  10.051  43010
 -144.668  13.729  52009
 -5.000  45.230  62001
 -20.000  41.600  62002
 -12.430  48.720  62029
 -7.900  51.400  62023
 -5.600  48.500  62052
 -13.550  51.000  62081
 -11.200  53.127  62090
 -5.418  53.469  62091
 -10.330  51.130  62092
 -10.000  55.000  62093
 -6.420  51.410  62094
 -15.530  53.040  62095
 -2.900  49.900  62103
 -11.810  55.410  62105
 -9.900  57.000  62106
 -6.100  50.102  62107
 -19.500  53.500  62108
 -8.470  47.550  62163
 -4.420  52.220  62301
 -5.100  51.602  62303
 0.000  50.400  62305
 2.000  51.240  62170
 -11.790  59.150  64045
 -4.167  60.483  64046
 -23.100  64.050  TFGSK
 -15.200  64.000  TFHFN
 -20.350  63.000  TFSRT
 7.800  64.300  LF3F
 1.100  55.300  62026
 0.000  57.000  62109
 0.400  58.100  62111
 1.300  58.700  62112
 1.400  57.700  62116
 0.000  57.900  62117
 2.000  57.000  62119
 1.400  58.700  62128
 2.000  56.400  62132
 1.000  57.100  62133
 2.101  53.000  62142
 1.800  57.700  62143
 1.700  53.400  62144
 2.800  53.102  62145
 1.800  57.000  62152
 0.500  57.400  62162
 0.800  57.200  62164
 1.800  51.102  62304
 1.700  60.600  63055
 1.600  59.500  63056
 1.500  59.200  63057
 1.100  61.200  63103
 1.700  60.800  63108
 1.500  59.500  63110
 1.000  61.100  63112
 1.708  61.000  63113
 1.300  61.600  63115
 2.300  61.200  LF3J
 3.700  60.600  LF4B
 2.200  59.600  LF4H
 1.900  58.400  LF4C
 3.200  56.500  LF5U
 3.280  51.990  EURO
 3.220  53.220  K13
 -3.030  43.630  62024
 -7.620  44.070  62082
 -9.400  42.120  62084
 -6.970  36.480  62085
 -15.820  28.180  13130
 -16.580  28.000  13131
 0.900  57.700  62118
 2.100  57.200  62146
 6.330  55.000  BSH01
 7.890  54.160  BSH02
 8.120  54.000  BSH03
 6.580  54.000  BSH04
 8.220  54.920  BSH05
 -4.400  50.000  62050
 0.000  58.300  62114
 0.700  54.000  62127
 1.500  53.600  62148
 1.100  53.700  62149
 1.100  54.000  62165
 1.100  61.400  63117
 -24.778  65.698  TFBLK
 -18.200  66.500  TFGRS
 -13.500  65.650  TFKGR
 7.300  65.300  LF3N
 8.100  66.000  LF5T
 2.000  66.000  LDWR
 21.100  71.600  3FYT
 15.500  73.500  LFB1
 30.000  74.000  LFB2
 -9.260  68.480  64071
 72.490  17.020  23092
 73.750  15.400  23093
 74.500  12.940  23094
 80.390  13.190  23096
 69.240  15.470  23097
 72.510  10.650  23098
 90.740  12.140  23099
 87.560  18.350  23100
 83.270  13.970  23101
 87.500  15.000  23168
 90.140  18.130  23169
 72.660  8.330  23170
 72.000  12.500  23172
 78.570  8.210  23173
 81.530  11.570  23174
 116.140  -19.590  56002
 115.400  -32.110  56005
 114.780  -33.360  56006
 114.940  -21.410  56007
 22.170  -34.970  AGULHAS_FA
 121.900  -34.000  56010
 114.100  -21.700  56012
 85.000  12.600  23167
 70.000  11.020  23171
 91.660  10.520  23451
 89.040  10.970  23455
 86.980  9.990  23456
 70.100  5.160  23491
 68.080  13.890  23492
 66.980  11.120  23493
 75.000  6.460  23494
 68.970  7.130  23495
 -77.511  6.258  32488
 -77.737  3.517  32487
 -72.218  12.351  41193
 129.780  36.350  22106
 126.030  33.080  22107
 57.700  -20.450  MAUR01
 57.750  -20.100  MAUR02
 -61.096  14.480  4100097
 -61.113  14.894  4100098
 -60.934  14.176  4100099
 -61.310  16.343  4100135
 -61.797  16.173  4100136
 -56.183  46.700  4400050
 -74.847  36.611  44t14
 -124.574  46.141  46t29
 6.207  42.930  6100021
 7.426  43.714  6100022
 3.168  42.488  6100188
 3.780  43.371  6100190
 3.125  42.916  6100191
 5.230  43.208  6100289
 8.650  42.569  6100294
 9.643  42.262  6100295
 4.133  43.425  6100431
 -4.072  48.728  6200053
 -2.889  49.026  6200058
 -1.620  49.695  6200059
 -1.448  44.650  6200064
 -1.614  43.530  6200066
 -2.295  46.833  6200067
 -4.968  48.290  6200069
 -3.285  47.285  6200074
 -2.787  47.239  6200078
 -1.677  43.403  6200079
 -1.834  45.916  6200080
 -16.945  32.622  1301000
 -16.726  32.728  1301001
 -24.900  16.885  1301640
 55.277  -20.946  1400011
 126.240  34.730  22183
 38.500  22.162  23020
 90.666  10.122  23095
 83.321  12.059  23102
 73.320  8.261  23453
 87.349  7.148  23460
 86.335  6.601  23499
 -48.949  -30.340  3100053
 -52.014  5.009  3100218
 -38.433  -3.213  3100229
 -47.285  -27.576  3100231
 -37.940  -16.001  3100260
 -43.141  -23.059  3100262
 -44.720  -25.012  3100374
 -39.720  -19.946  3100380
 -42.022  -22.840  3101000
 -52.194  4.937  31217
 -42.707  -22.911  31262
 -39.704  -19.936  31380
 25.100  35.400  3732621
 -57.481  15.853  4100300
 -61.404  16.533  41096
 -61.525  16.205  41133
 -64.723  17.769  41140
 -64.635  17.684  41141
 -57.467  15.850  41300
 -88.320  29.880  42042
 -87.730  26.000  42054
 -75.046  14.926  42065
 -89.907  29.085  42094
 -67.020  44.890  44035
 -64.624  46.543  44161
 -60.822  49.075  44174
 -62.000  46.877  44175
 -64.527  47.535  44176
 -63.403  44.502  44299
 -65.710  49.540  45138
 -122.378  36.700  46044
 -166.602  53.951  46126
 -119.417  34.317  46228
 -118.012  33.623  46230
 -119.168  34.100  46234
 -117.292  33.003  46241
 -119.308  34.251  46245
 -124.290  43.586  46260
 -124.225  43.760  46261
 -123.912  39.370  46263
 -117.279  32.957  46266
 121.923  25.095  46694A
 121.631  24.036  46699A
 121.880  24.619  46706A
 121.923  24.847  46708A
 120.351  22.314  46714D
 119.552  23.727  46735A
 120.844  24.760  46757B
 120.831  21.901  46759A
 120.008  23.096  46778A
 118.413  24.380  46787A
 -164.185  67.582  48011
 145.032  -42.125  55026
 136.620  -36.070  55040
 7.812  43.392  6100001
 4.679  42.054  6100002
 4.866  43.319  6100284
 4.920  43.316  6100290
 6.207  42.931  61004
 9.275  43.061  61005
 7.226  43.636  61187
 5.337  43.330  61189
 -1.898  49.543  6200055
 1.201  49.989  6200056
 -27.962  39.087  6202400
 -27.010  38.751  6202401
 -25.721  37.726  6202402
 -31.167  39.364  6202403
 -28.538  38.587  6202404
 0.129  49.650  62060
 -2.443  48.893  62061
 -2.338  47.153  62062
 -2.428  46.691  62063
 -3.961  48.717  62068
 1.370  50.659  62072
 -0.161  49.522  62073
 1.758  51.022  62075
 -0.034  49.544  62076
 -2.343  48.988  62077
 -0.010  49.522  62198
 17.828  54.833  66059
 117.942  -35.032  Albany02
 117.722  -35.198  Albany04
 124.063  21.677  C6S62
 118.861  21.021  C6V27
 120.536  26.377  C6W08
 114.776  -33.362  CapeNaturaliste01
 114.764  -33.535  CapeNaturaliste02
 115.692  -32.108  Cockburn
 113.744  -23.174  CoralBay
 115.687  -31.978  Cottesloe
 121.933  -33.841  Esperance03
 121.900  -34.001  Esperance04
 55.335  -20.902  EXCE0001
 55.268  -20.935  EXCE0003
 55.390  -20.876  EXCE0004
 55.469  -21.350  EXCE0005
 55.783  -21.117  EXCE0006
 55.691  -21.391  EXCE0007
 114.099  -21.699  Exmouth
 114.914  -30.292  JurienBay02
 115.314  -31.135  LedgePoint
 115.572  -32.453  Mandurah
 -63.423  44.522  MEDS037
 -126.019  48.845  MEDS350
 114.566  -28.591  Oakagee02
 115.402  -32.111  RottnestIsland01
 115.408  -32.094  RottnestIsland02
 -48.457  46.474  WEL411
 -48.536  46.566  WEL412
 -48.023  46.822  WEL414
 -60.642  43.844  WEL416
 -60.697  43.805  WEL420
 -60.818  43.721  WEL421
 -60.002  44.062  WEL422
 -60.304  43.587  WEL424
 -48.445  46.461  WEL426
 -62.289  42.567  WEL427
 -60.017  43.791  WEL428
 -60.194  43.871  WEL429
 -59.533  43.999  WEL430
 -46.837  47.432  WEL434
 -46.320  48.174  WEL435
 -48.433  46.478  WEL436
 -48.433  46.475  WEL437
 -48.433  46.478  WEL438
 -48.436  46.479  WEL439
 -60.662  43.807  WEL440
 -60.182  43.134  WEL441
 -59.692  44.090  WEL443
 -60.604  43.067  WEL444
 -60.580  43.747  WEL446
 -48.190  46.412  WEL447
 -48.432  46.481  WEL448
 -48.011  46.771  WEL449
 -48.453  46.749  WEL450
 -60.674  44.014  WEL451
 121.140  22.722  WRA007
